0.0
2.777777777777778e-05
5.555555555555556e-05
8.333333333333334e-05
0.00011111111111111112
0.0001388888888888889
0.00016666666666666666
0.00019444444444444443
0.0002222222222222222
0.00025
0.0002777777777777778
0.00030555555555555555
0.0003333333333333333
0.0003611111111111111
0.00038888888888888887
0.00041666666666666664
0.0004444444444444444
0.0004722222222222222
0.0005
0.0005277777777777778
0.0005555555555555557
0.0005833333333333335
0.0006111111111111113
0.0006388888888888891
0.000666666666666667
0.0006944444444444448
0.0007222222222222226
0.0007500000000000004
0.0007777777777777783
0.0008055555555555561
0.0008333333333333339
0.0008611111111111118
0.0008888888888888896
0.0009166666666666674
0.0009444444444444452
0.0009722222222222231
0.0010000000000000009
0.0010277777777777787
0.0010555555555555565
0.0010833333333333344
0.0011111111111111122
0.00113888888888889
0.0011666666666666678
0.0011944444444444457
0.0012222222222222235
0.0012500000000000013
0.0012777777777777792
0.001305555555555557
0.0013333333333333348
0.0013611111111111126
0.0013888888888888905
0.0014166666666666683
0.0014444444444444461
0.001472222222222224
0.0015000000000000018
0.0015277777777777796
0.0015555555555555574
0.0015833333333333352
0.001611111111111113
0.001638888888888891
0.0016666666666666687
0.004166666666666669
0.00666666666666667
0.00916666666666667
0.01166666666666667
0.014166666666666671
0.01666666666666667
0.01916666666666667
0.021666666666666667
0.024166666666666666
0.026666666666666665
0.029166666666666664
0.03166666666666666
0.034166666666666665
0.03666666666666667
0.03916666666666667
0.04166666666666667
0.044166666666666674
0.046666666666666676
0.04916666666666668
0.05166666666666668
0.05416666666666668
0.056666666666666685
0.05916666666666669
0.06166666666666669
0.06416666666666669
0.0666666666666667
0.0691666666666667
0.0716666666666667
0.0741666666666667
0.0766666666666667
0.0791666666666667
0.0816666666666667
0.08416666666666671
0.08666666666666671
0.08916666666666671
0.09166666666666672
0.09416666666666672
0.09666666666666672
0.09916666666666672
0.10166666666666672
0.10416666666666673
0.10666666666666673
0.10916666666666673
0.11166666666666673
0.11416666666666674
0.1183333333333334
0.12250000000000007
0.12666666666666673
0.1308333333333334
0.1350000000000001
0.13916666666666677
0.14333333333333345
0.14750000000000013
0.1516666666666668
0.1558333333333335
0.16000000000000017
0.16416666666666685
0.16833333333333353
0.1725000000000002
0.1766666666666669
0.18083333333333357
0.18500000000000025
0.18916666666666693
0.1933333333333336
0.1975000000000003
0.20166666666666697
0.20583333333333365
0.21000000000000033
0.214166666666667
0.21833333333333368
0.22250000000000036
0.22666666666666704
0.23083333333333372
0.2350000000000004
0.23916666666666708
0.24333333333333376
0.24750000000000044
0.2516666666666671
0.25583333333333375
0.2600000000000004
0.26416666666666705
0.2683333333333337
0.27250000000000035
0.276666666666667
0.28083333333333366
0.2850000000000003
0.28916666666666696
0.2933333333333336
0.29750000000000026
0.3016666666666669
0.30583333333333357
0.3100000000000002
0.31416666666666687
0.3183333333333335
0.3225000000000002
0.3266666666666668
0.3308333333333335
0.33500000000000013
0.3391666666666668
0.34333333333333343
0.3475000000000001
0.35166666666666674
0.3558333333333334
0.36000000000000004
0.3641666666666667
0.36833333333333335
0.3725
0.37666666666666665
0.3808333333333333
0.38499999999999995
0.3891666666666666
0.39333333333333326
0.3974999999999999
0.40166666666666656
0.4058333333333332
0.40666666666666657
0.4074999999999999
0.40833333333333327
0.4091666666666666
0.41
0.41083333333333333
0.4116666666666667
0.41250000000000003
0.4133333333333334
0.41416666666666674
0.4150000000000001
0.41583333333333344
0.4166666666666668
0.41750000000000015
0.4183333333333335
0.41916666666666685
0.4200000000000002
0.42083333333333356
0.4216666666666669
0.42250000000000026
0.4233333333333336
0.42416666666666697
0.4250000000000003
0.4258333333333337
0.426666666666667
0.4275000000000004
0.42833333333333373
0.4291666666666671
0.43000000000000044
0.4308333333333338
0.43166666666666714
0.4325000000000005
0.43333333333333385
0.4341666666666672
0.43500000000000055
0.4358333333333339
0.43666666666666726
0.4375000000000006
0.43833333333333396
0.4391666666666673
0.44000000000000067
0.440833333333334
0.4416666666666674
0.4425000000000007
0.4433333333333341
0.44361111111111184
0.4438888888888896
0.4441666666666674
0.44444444444444514
0.4447222222222229
0.4450000000000007
0.44527777777777844
0.4455555555555562
0.44583333333333397
0.44611111111111174
0.4463888888888895
0.44666666666666727
0.44694444444444503
0.4472222222222228
0.44750000000000056
0.44777777777777833
0.4480555555555561
0.44833333333333386
0.4486111111111116
0.4488888888888894
0.44916666666666716
0.4494444444444449
0.4497222222222227
0.45000000000000046
0.4502777777777782
0.450555555555556
0.45083333333333375
0.4511111111111115
0.4513888888888893
0.45166666666666705
0.4519444444444448
0.4522222222222226
0.45250000000000035
0.4527777777777781
0.4530555555555559
0.45333333333333364
0.4536111111111114
0.4538888888888892
0.45416666666666694
0.4544444444444447
0.45472222222222247
0.45500000000000024
0.455277777777778
0.45555555555555577
0.45583333333333353
0.4561111111111113
0.45638888888888907
0.45666666666666683
0.4569444444444446
0.45722222222222236
0.45750000000000013
0.4577777777777779
0.45805555555555566
0.4583333333333334
0.4586111111111112
0.45888888888888896
0.4591666666666667
0.4594444444444445
0.45972222222222225
