61
63
62
62
60
63
60
61
63
62
63
60
60
61
62
63
61
61
63
62
61
60
61
62
62
62
63
60
63
63
63
60
63
62
62
61
60
61
60
63
60
60
63
60
61
62
65
64
68
71
73
72
76
78
79
83
82
84
88
88
91
90
90
90
91
92
93
92
92
93
92
91
92
91
93
91
90
93
92
90
92
94
96
100
103
106
109
112
117
119
121
125
128
130
134
135
137
136
137
137
138
136
135
136
138
136
138
137
136
135
138
138
135
136
137
137
141
143
147
149
152
154
158
162
163
166
170
172
171
174
171
172
173
173
174
172
174
172
174
174
174
171
173
173
172
172
174
174
169
170
168
165
161
160
160
156
154
154
150
150
147
143
142
144
144
144
141
144
141
143
143
141
144
144
143
141
142
142
143
144
143
142
142
141
141
144
139
139
135
134
131
130
129
125
126
121
120
120
118
114
114
112
107
107
106
103
101
97
98
94
92
90
88
88
86
84
82
77
76
76
74
71
70
68
65
72
70
73
72
73
73
72
72
70
70
73
70
70
73
73
70
71
72
72
70
73
71
71
73
71
70
73
71
70
70
70
70
73
70
71
71
70
72
71
71
71
72
71
72
72
