1.02
1.02
0.98
0.99
0.99
0.98
0.98
1.01
0.98
1.02
0.98
0.98
1.02
1.01
1.0
0.98
1.01
0.98
1.02
0.99
1.01
1.01
1.02
0.99
1.01
0.98
1.02
0.98
1.0
0.98
0.98
1.02
0.99
1.01
1.01
1.02
0.98
0.99
0.99
1.01
1.02
0.98
0.98
0.98
0.99
1.0
1.02
1.01
1.02
0.99
1.02
1.01
1.01
1.0
0.98
0.98
1.02
1.01
1.01
1.01
9.0
9.02
9.02
9.0
9.01
9.01
8.98
8.98
9.02
9.02
9.0
9.0
9.02
9.0
8.98
9.02
9.0
9.0
8.99
8.98
8.98
9.02
9.02
9.02
9.02
9.02
9.0
9.0
8.98
9.02
9.02
9.02
8.98
8.99
8.98
9.02
8.99
9.0
8.98
8.98
8.99
8.99
9.0
8.98
9.02
15.02
15.01
14.99
15.0
15.01
14.98
15.01
15.01
15.01
15.01
14.99
14.98
15.0
14.98
14.98
15.01
15.01
14.98
15.01
15.0
15.02
15.02
15.0
14.98
15.0
15.02
15.0
14.98
15.0
14.98
14.99
15.02
14.98
15.02
15.02
15.01
15.02
15.0
14.99
15.0
15.0
15.01
15.01
14.98
15.0
15.0
14.98
15.01
14.98
15.02
14.98
15.0
15.01
15.0
15.01
15.01
15.0
15.02
15.02
15.02
15.0
15.0
14.98
15.0
15.02
15.01
15.01
15.02
15.01
15.0
2.99
2.99
3.0
2.98
3.01
3.01
2.98
2.98
2.98
2.99
2.99
3.01
2.98
2.99
2.98
3.01
3.02
2.99
2.99
3.01
3.01
3.0
3.0
2.99
3.0
3.01
2.99
3.02
3.02
3.0
2.99
3.0
3.02
3.0
2.98
3.0
2.99
3.02
3.02
2.98
3.01
2.99
2.99
2.98
2.98
0.98
1.0
1.0
0.99
0.98
0.99
0.98
1.02
1.02
1.02
0.98
1.02
0.98
1.0
0.99
0.99
1.01
1.0
0.99
1.02
0.99
1.02
1.02
1.01
1.01
0.98
1.01
0.99
1.0
1.0
1.0
1.0
1.02
1.0
1.0
1.0
1.0
0.98
1.01
1.0
0.99
0.98
1.0
0.99
0.98
1.01
1.02
1.02
1.01
0.98
0.99
0.98
1.02
1.01
0.98
0.99
0.99
0.98
1.01
1.01
