0.0
0.0
0.0
0.0
0.0
0.0
0.0
0.0
0.0
0.0
0.0
0.0
0.0
0.0
0.0
0.0
0.0
0.0
0.0
0.0
0.0
0.0
0.0
0.0
0.0
0.0
0.0
0.0
0.0
0.0
0.0
0.0
0.0
0.0
0.0
0.0
0.0
0.0
0.0
0.0
0.0
0.0
0.0
0.0
0.0
0.0
0.0
0.0
0.0
0.0
0.0
0.0
0.0
0.0
0.0
0.0
0.0
0.0
0.0
0.0
0.99
1.0
0.99
1.01
1.01
0.99
1.01
1.01
1.0
1.0
1.01
1.01
1.0
1.01
1.0
1.0
1.0
1.01
0.99
0.99
0.99
0.99
1.01
1.01
1.01
1.01
1.0
1.0
1.0
1.0
0.99
1.0
0.99
1.01
0.99
0.99
1.0
1.0
0.99
1.01
0.99
1.01
1.01
1.01
1.0
4.51
4.49
4.5
4.49
4.49
4.5
4.49
4.5
4.49
4.51
4.5
4.5
4.49
4.5
4.5
4.5
4.5
4.5
4.5
4.51
4.49
4.49
4.5
4.51
4.51
4.51
4.51
4.51
4.49
4.49
4.5
4.5
4.49
4.49
4.5
4.49
4.5
4.49
4.49
4.5
4.49
4.51
4.51
4.49
4.5
4.5
4.51
4.51
4.5
4.5
4.51
4.5
4.5
4.49
4.49
4.51
4.49
4.5
4.51
4.5
4.5
4.5
4.5
4.5
4.51
4.49
4.51
4.51
4.51
4.51
-2.49
-2.51
-2.5
-2.51
-2.51
-2.51
-2.51
-2.49
-2.49
-2.5
-2.51
-2.49
-2.51
-2.51
-2.51
-2.49
-2.51
-2.51
-2.51
-2.5
-2.49
-2.5
-2.51
-2.5
-2.51
-2.51
-2.5
-2.49
-2.49
-2.49
-2.5
-2.5
-2.49
-2.5
-2.51
-2.51
-2.5
-2.51
-2.51
-2.51
-2.5
-2.5
-2.5
-2.49
-2.51
0.0
0.0
0.01
0.01
0.0
0.01
-0.01
0.0
-0.01
0.01
0.01
-0.01
-0.01
0.0
0.01
0.0
0.01
0.01
-0.01
-0.01
0.01
-0.01
-0.01
0.01
0.01
-0.01
0.01
0.01
-0.01
-0.01
0.0
0.01
0.01
0.0
0.0
0.0
-0.01
0.0
0.0
0.0
0.0
-0.01
0.0
0.0
0.01
0.0
0.0
0.0
0.0
0.01
0.0
0.01
-0.01
-0.01
0.0
0.0
0.0
-0.01
0.0
0.0
